bababbabaaababababab
1000
6 7
12 20
3 20
4 9
17 19
7 18
14 16
2 10
13 17
7 20
2 15
8 19
5 11
10 14
15 16
9 19
4 18
7 11
10 14
11 18
8 18
7 19
11 14
15 19
2 8
4 10
2 13
2 17
3 10
7 9
6 7
7 13
1 16
2 11
13 16
20 20
3 4
6 14
3 13
5 7
1 6
2 8
19 19
12 18
13 18
2 7
4 16
5 6
1 16
13 13
1 17
4 7
6 9
3 16
1 13
2 18
15 17
14 14
2 12
5 15
9 18
11 12
7 8
18 19
11 14
8 12
5 15
12 20
10 18
18 19
8 14
8 9
7 12
6 20
4 14
5 13
6 12
7 12
7 19
7 8
11 16
3 17
2 8
12 13
8 12
12 15
12 13
17 19
4 8
5 14
6 16
16 19
8 11
12 20
2 5
2 10
8 19
2 3
13 16
6 20
11 20
7 11
9 17
2 17
17 18
5 12
15 16
19 20
14 17
15 15
9 18
5 12
3 19
6 10
10 14
10 11
4 7
1 15
15 19
1 4
4 18
7 17
4 8
5 13
12 13
13 17
4 16
2 18
10 13
17 18
8 14
13 20
12 15
6 13
2 12
1 10
2 16
1 3
15 18
10 19
9 20
7 13
5 15
7 13
13 17
4 4
11 19
10 18
3 5
14 20
20 20
3 8
11 18
2 16
13 14
2 17
2 10
4 6
1 13
11 12
8 13
3 16
11 11
1 16
9 12
14 18
2 7
12 19
16 17
3 6
12 14
18 18
1 8
4 6
8 19
3 17
2 7
7 15
4 15
11 20
3 4
4 7
5 19
1 6
1 20
5 9
3 13
6 8
2 18
4 15
8 10
3 11
12 19
3 17
3 8
17 18
13 15
19 19
2 20
9 10
6 12
7 8
3 4
6 20
1 9
18 20
8 17
11 12
1 7
10 20
2 15
5 19
7 15
11 13
12 13
6 19
8 18
1 10
2 16
1 17
2 13
5 9
17 18
3 8
5 18
6 16
2 16
1 18
11 13
5 13
4 19
3 8
18 19
19 20
4 18
10 15
18 19
1 10
7 12
3 19
10 11
2 18
13 18
4 18
12 19
11 16
8 11
2 14
3 7
6 15
3 19
12 16
16 18
7 15
10 12
16 17
12 14
10 17
5 10
3 9
3 10
11 17
5 18
17 20
10 11
15 18
9 14
3 6
2 7
16 19
7 8
1 2
7 13
5 17
5 11
9 16
6 20
2 5
10 17
6 19
15 16
9 20
1 2
13 18
1 2
10 14
7 12
3 7
4 5
10 13
2 5
9 18
14 19
10 14
7 16
8 11
11 16
4 16
8 16
5 11
2 17
2 13
13 19
16 18
13 19
5 9
5 10
6 9
17 18
1 12
1 16
7 15
15 19
16 19
12 18
11 20
6 15
19 20
13 16
6 8
5 9
13 13
3 20
2 9
3 19
4 12
4 14
6 14
8 14
2 14
5 7
3 16
1 1
13 13
5 18
5 10
2 19
5 15
2 9
9 17
10 19
2 10
15 17
2 12
5 20
9 13
2 20
19 19
4 14
7 13
13 15
7 18
16 16
2 6
4 11
8 20
7 14
15 16
2 7
2 5
10 17
4 5
4 5
8 20
4 15
15 17
8 10
6 10
12 16
14 18
5 15
13 18
3 20
5 8
11 17
6 13
12 15
15 16
2 6
2 3
4 4
9 10
12 13
2 12
5 7
15 18
11 11
5 10
1 8
2 8
10 17
2 12
1 20
3 6
1 18
13 14
1 17
7 7
6 6
1 6
12 13
6 11
3 16
3 13
1 12
7 9
10 17
6 15
4 13
11 14
14 17
1 10
7 16
17 17
7 20
13 15
12 16
7 10
6 20
8 9
7 19
5 14
9 9
8 16
3 18
2 8
5 11
7 8
4 5
2 3
1 15
9 10
3 16
3 15
3 9
2 6
3 11
12 16
2 11
8 18
4 14
9 15
9 15
1 16
6 17
17 19
1 19
10 17
10 14
6 8
11 19
11 15
8 9
1 5
3 8
3 15
9 17
8 13
11 18
5 7
2 17
5 11
3 5
11 11
16 18
6 17
5 12
6 14
5 18
16 18
13 17
14 17
8 12
16 17
8 14
1 9
14 19
8 18
8 13
4 12
10 14
9 19
12 13
8 10
4 9
13 18
9 11
7 16
6 18
4 20
9 15
8 15
9 12
9 13
16 18
14 20
3 16
14 18
8 17
3 15
15 16
1 8
3 15
2 12
3 13
8 12
9 17
17 18
10 19
7 20
6 10
15 15
6 8
6 15
17 20
2 6
20 20
3 9
2 5
5 20
10 14
6 16
5 20
5 7
7 11
8 13
1 1
9 17
14 16
8 15
1 5
10 17
17 17
4 17
2 19
6 17
13 15
1 20
6 13
2 5
7 15
1 8
2 18
4 7
8 12
9 17
2 5
5 17
6 9
9 18
2 18
4 16
6 20
4 5
9 13
7 10
8 16
6 16
1 6
3 19
16 18
1 14
4 16
10 18
5 9
12 19
12 19
5 8
6 17
8 19
6 8
9 14
10 14
9 11
17 17
2 18
7 15
10 15
4 18
9 13
12 16
2 10
5 13
1 12
1 16
16 17
18 20
6 11
10 17
2 17
4 14
1 17
14 18
13 16
5 15
3 12
9 15
1 13
6 20
1 4
8 15
17 20
12 14
3 19
1 20
2 11
4 9
1 14
12 20
12 13
1 6
8 11
6 17
8 10
2 16
6 6
15 19
3 16
1 6
1 17
5 11
3 20
6 12
5 19
2 13
2 14
5 9
1 2
12 20
5 6
3 16
11 15
1 18
6 12
16 20
17 20
2 8
11 16
4 18
6 13
3 5
8 11
9 19
2 17
2 20
10 11
6 10
16 19
20 20
2 17
9 12
8 16
14 20
8 16
4 16
1 2
3 4
4 17
2 10
9 16
6 18
7 15
10 15
2 10
9 17
9 19
6 9
2 5
6 11
3 12
18 20
11 19
12 13
1 2
16 16
14 17
2 10
6 17
3 19
8 20
1 19
1 2
18 20
4 13
11 11
13 18
6 17
20 20
9 17
4 15
2 14
15 18
3 11
1 16
2 2
2 18
4 19
2 18
3 5
11 14
3 6
6 11
1 8
3 5
3 4
9 15
4 17
2 12
5 14
6 15
3 11
6 13
4 9
2 19
17 18
4 10
9 19
3 20
9 10
3 10
7 17
15 20
1 6
6 20
2 8
17 18
2 3
8 13
9 16
3 14
10 12
1 9
1 7
7 16
4 19
1 12
2 2
18 20
1 15
6 11
8 15
2 8
6 11
8 20
7 8
4 10
2 4
12 13
10 17
17 19
5 16
16 17
12 17
14 18
9 16
3 9
4 19
2 4
3 17
1 19
2 10
1 19
3 19
8 11
10 18
1 2
3 18
11 17
10 19
18 20
6 10
14 16
17 20
2 17
2 6
2 7
1 11
5 17
8 15
4 6
13 14
8 11
14 19
5 14
4 8
2 13
8 11
12 20
7 15
6 8
8 8
18 19
14 19
2 17
10 17
1 13
13 20
10 12
17 17
5 15
5 8
4 8
10 19
3 17
7 10
12 18
12 17
1 12
4 13
7 10
2 10
8 11
10 15
6 7
9 14
1 20
1 11
9 18
13 16
8 13
1 17
4 17
4 18
17 18
5 10
1 20
2 4
19 20
2 5
7 18
5 15
4 17
5 8
3 20
1 12
2 15
6 16
5 11
5 14
6 19
3 5
1 5
5 11
6 13
17 19
6 20
6 7
1 8
1 17
2 15
5 12
9 11
11 17
5 7
18 19
3 16
12 20
10 14
2 4
7 7
1 10
9 9
15 16
10 18
4 20
3 12
13 16
1 10
13 15
4 6
9 18
5 18
13 16
8 16
2 11
2 2
10 11
3 7
7 19
4 15
10 15
6 18
4 10
9 19
4 11
2 7
6 7
4 4
14 19
5 8
10 14
10 15
13 16
4 12
1 8
4 20
1 6
1 1
12 16
2 15
1 7
13 17
14 18
10 17
5 14
10 17
11 12
7 15
11 16
1 18
5 6
10 12
2 19
3 6
10 19
14 20
4 12
1 2
5 10
2 17
5 11
3 4
2 9
9 13
12 20
5 11
3 16
15 16
5 16
5 16
1 7
9 9
5 20
6 12
1 2
16 17
7 11
5 11
7 17
1 10
9 14
2 4
1 13
6 17
13 18
15 16
6 8
9 20
15 19
1 2
5 10
19 19
13 19
7 12
9 15
13 20
6 14
15 18
5 9
1 13
3 17
12 18
8 12
4 8
10 18
4 18
3 8
12 15
7 17
6 16
4 16
2 9
4 16
8 13
4 11
5 7
4 15
2 13
8 19
9 17
12 14
9 20
11 17
5 11
11 12
2 10
2 16
9 9
19 20
14 18
5 19
3 16
10 14
13 20
9 18
17 19
18 19
7 14
8 13
4 15
