16
9
2
4
3
1
10
11
10
15
10
13
6
10
23
3
6
1
20
1
6
7
6
6
12
16
19
17
23
3
6
9
10
4
15
3
12
1
4
10
2
13
3
12
3
2
20
1
1
3
14
6
16
3
3
9
11
1
3
6
16
9
12
10
7
1
11
4
6
8
1
13
10
10
6
2
4
15
7
10
10
3
10
4
9
1
4
4
10
7
20
15
6
10
4
3
3
6
10
12
3
20
16
14
3
15
4
1
11
2
21
7
2
13
13
3
1
6
16
20
1
3
4
1
3
1
3
3
23
3
17
2
4
7
20
11
15
7
3
6
1
3
6
16
7
6
1
3
1
6
3
2
1
6
4
6
16
12
11
4
4
2
4
16
10
23
1
10
2
3
7
3
10
3
9
17
10
2
23
15
12
3
7
9
10
10
3
1
4
23
17
23
1
1
13
6
11
3
19
2
10
6
3
3
1
6
10
3
4
12
13
6
2
17
1
7
4
4
14
17
3
1
2
6
4
3
1
6
1
3
1
6
10
19
19
11
10
7
11
1
11
23
9
6
8
4
4
19
3
1
3
1
12
13
7
7
3
6
10
9
9
1
4
17
3
6
7
4
11
6
1
12
3
8
23
12
9
7
10
10
7
3
1
9
6
4
20
19
7
17
3
10
4
13
1
13
2
4
7
10
20
20
9
6
1
4
4
12
3
1
3
16
8
17
7
13
2
12
15
10
10
3
6
15
6
19
1
6
7
2
7
10
1
10
3
7
16
12
7
10
3
3
3
6
6
14
3
13
6
7
6
6
1
6
12
17
17
3
4
10
2
21
16
4
3
3
23
6
14
2
6
10
3
8
4
1
6
11
1
14
21
13
4
2
21
6
8
12
16
6
19
9
3
9
2
7
6
10
15
21
3
10
17
1
3
19
1
4
1
6
1
4
21
6
10
19
9
9
10
13
1
9
15
6
3
6
4
10
9
13
2
6
12
2
6
21
9
12
4
10
4
3
1
4
13
2
2
6
6
6
4
3
20
15
4
9
2
4
3
3
6
6
1
6
17
1
20
3
8
7
21
6
17
17
9
3
3
1
6
9
10
10
9
1
17
16
6
19
9
9
12
9
7
10
7
12
10
10
3
9
17
13
3
7
12
12
3
6
17
12
2
4
13
3
9
11
7
1
11
9
3
1
4
13
1
10
8
17
9
6
4
1
3
2
6
9
6
3
3
16
3
4
12
4
15
9
4
12
15
17
3
10
1
21
4
6
13
10
10
21
17
7
9
10
7
13
6
10
9
1
8
13
1
9
9
19
3
4
10
4
12
6
10
15
9
15
9
10
12
3
4
1
13
8
6
9
10
16
10
3
2
3
4
11
19
10
20
9
1
6
10
10
15
3
10
2
9
4
9
6
3
2
6
10
6
17
16
17
3
3
15
20
4
7
3
6
13
3
3
13
2
4
3
6
7
3
6
10
6
9
6
6
6
10
3
6
10
6
9
20
2
16
13
7
6
9
6
6
10
16
10
2
9
10
3
21
1
3
3
12
6
1
7
15
14
3
1
17
3
4
6
7
9
9
1
1
6
11
4
9
13
4
7
8
6
23
6
17
4
9
10
14
1
3
9
3
9
10
3
13
4
3
2
16
3
6
7
1
7
12
14
9
6
19
1
12
4
1
2
10
2
3
23
3
12
6
11
1
23
15
3
2
1
1
8
6
9
1
13
11
10
3
3
11
4
7
4
11
3
11
6
6
13
3
3
9
23
15
1
1
7
17
4
10
1
4
10
1
9
13
6
9
3
3
12
19
1
9
4
6
13
6
4
6
11
6
10
10
8
1
10
9
15
3
6
6
1
1
19
7
3
3
1
19
8
10
17
6
21
9
2
6
3
19
10
1
10
14
6
1
1
2
4
1
3
6
8
6
4
10
10
3
6
3
16
1
10
6
16
3
12
6
1
10
11
3
6
1
14
3
15
6
13
4
13
3
10
10
9
6
9
1
7
1
14
12
12
10
12
6
3
6
4
3
2
1
6
10
10
4
20
4
1
11
9
20
12
3
6
10
17
4
3
1
3
16
10
17
4
3
4
13
1
11
1
1
1
7
9
1
15
6
10
13
3
7
16
4
6
1
3
15
14
13
23
7
6
9
4
1
7
9
4
10
12
3
10
20
8
3
4
13
10
6
7
10
10
3
1
8
14
1
13
6
6
3
1
12
17
1
17
12
9
3
12
6
6
6
8
14
7
6
3
10
10
13
1
14
1
7
