1
1000 500
1423 6527 13562 17242 434 9839 1115 990 117 1149 2414 3118 16677 21713 902 30184 12343 26140 2661 11856 10286 483 30278 20038 14783 9243 2337 11893 16179 20725 15658 3022 16142 31995 23706 20533 25070 15196 18099 21369 32693 9860 1534 10378 2026 14064 7128 19174 18781 31809 9516 16469 23818 27791 15490 726 14400 15871 15673 18137 10755 32408 19472 29102 18350 24146 18668 21566 3293 24432 3541 32249 12937 24848 8001 15375 373 14337 12693 6371 9161 18900 10217 28605 14845 24118 28683 26814 14073 6781 24519 28954 18299 23424 30566 897 18616 25004 11637 21726 4678 852 10184 14660 5945 22857 1470 21797 8845 6571 8133 28358 12996 5374 24609 29679 14543 2432 6378 2023 15922 16570 31572 11680 13924 11094 5172 25134 32628 28464 29119 15229 22002 7088 22164 24388 16397 30806 7677 26165 13305 8598 13681 32631 32148 26599 20318 26709 10056 9495 13094 3128 27187 31713 20071 24786 27013 13761 27520 21149 15658 13063 12625 21892 4010 8491 20546 28127 21325 27488 134 17829 21122 6507 13729 8669 8065 4278 11047 19542 10032 27552 11975 17816 27459 23320 19337 21274 10152 18026 14932 15798 26402 7512 15283 21593 19252 4205 16088 1791 2880 9102 31202 11743 28400 20178 22363 20706 18389 8596 23813 858 11854 7110 28630 10225 1452 12679 6465 12511 2963 11512 12727 12385 30371 25164 5230 19814 26712 27167 16481 28811 13871 22025 2712 15689 19979 4978 17833 11117 14806 28840 639 21705 1643 30766 20058 19242 4532 5720 4631 2698 1039 15636 30386 23430 30967 31243 29449 14866 6880 13033 26338 5227 13922 31736 26416 30285 2202 15604 8082 29799 19662 6171 27933 27660 19791 18307 5723 27435 31652 25776 17555 21633 21476 20070 8779 5133 3940 8380 17164 30660 27282 29554 14437 135 545 21124 30770 16210 2919 9471 30751 4790 27651 30228 8807 22665 29890 21611 2018 26588 17348 15290 29502 26413 4570 15509 16780 21214 28467 22152 9215 18406 13112 14435 12017 26311 9140 23253 23079 25280 5944 10556 22102 4419 5822 11452 23526 3497 17036 28046 22261 17701 32347 32411 5279 32502 10425 26442 21885 13537 25004 24470 26987 20447 9368 4707 14479 7443 14690 23058 23959 3838 16598 11091 13633 7926 24646 8762 1825 25300 20596 26006 11167 10990 21427 21630 21311 15429 22344 12844 21285 31487 17430 17423 6872 6423 17019 5659 14150 7507 30069 22884 1800 22134 28937 4331 1000 3767 28645 183 17824 4979 3140 4904 8677 25887 18 10377 3492 9088 12368 1252 9100 2590 1979 20506 29644 4342 25768 23602 286 1391 7731 9714 3844 12175 25752 17324 9553 22383 225 13915 27884 16108 14274 20719 18897 25504 21441 10724 22104 7441 6809 19225 9146 27431 12769 5088 25553 2276 14057 337 24607 5967 3557 20709 25106 29873 11341 12608 28806 5124 25219 30029 1676 26793 26807 32144 10090 14937 13064 19384 29667 30046 20715 29812 9400 19203 23505 25480 3694 13897 14596 9760 4690 14555 13010 12132 8379 25668 11502 19276 12431 864 30739 13238 20488 30736 2282 31670 12984 8498 5678 17709 24779 23761 25102 29853 27533 31384 13011 22331 19244 12941 16066 28486 18878 29692 3908 23192 8069 8368 8004 1915 9330 2153 14553 11197 15081 14475 22053 12807 22468 29716 2429 4458 19354 26576 12489 17211 12609 28368 30766 19233 9617 31512 28651 1388 11371 30360 14721 12200 26362 12382 4119 24434 32569 10761 12316 23435 27830 22913 25134 2859 30357 13029 11579 28568 5847 3781 29670 23542 8925 16530 300 24417 23847 29010 18503 5433 21602 4760 23506 20413 13218 32180 24623 20700 26604 4903 32038 1351 16119 28250 4814 30155 25395 399 13745 25310 22795 11799 13867 15992 24935 11461 14099 30756 25974 23204 6045 20310 20394 15845 13439 8191 30212 22299 17491 23903 31121 4779 21309 12058 16181 28285 8653 25743 26023 10232 27431 12901 23741 1582 22113 28262 490 5203 5932 15761 26117 24692 439 26730 8267 4709 5584 18837 21160 28412 17741 2723 17202 7036 31146 9004 12022 13652 7411 19998 14840 4618 10724 26964 8309 15218 1872 29547 3435 31779 12991 7121 14940 4139 32347 6430 15438 19970 26125 14760 8726 23485 16355 25169 18390 17540 19381 28580 965 582 26120 11553 4142 20395 25138 22228 22204 22091 20415 22829 244 3357 12052 17163 29187 23346 22866 7706 3514 21155 8061 8543 28887 6088 25822 29201 32390 18602 14501 26283 26407 30907 13011 63 3154 5317 6231 3597 26136 17185 2679 12116 19852 5161 17778 10088 20611 5871 12900 14341 29335 9776 20585 30179 32626 387 14597 19338 21065 1750 17348 7784 13990 8219 3357 18977 18027 14655 25756 26150 26900 21084 26177 2441 22588 559 17187 272 19810 31948 32088 11144 15598 29328 6937 28763 17007 23384 5410 1125 8743 496 1112 28932 969 25551 21166 4462 19073 14593 29513 31304 11829 14436 26083 32628 31243 27671 2413 19498 5163 10800 504 16714 12998 1453 13781 3568 25175 19374 9723 13897 16680 24801 9642 31910 5144 4925 13646 24783 6301 13299 1190 10650 14341 3489 24613 11452 1 2761 3481 18654 1123 8323 23562 17908 3623 20846 27365 4042 15280 23788 27738 32479 30293 28303 26370 9079 24860 25038 15045 18156 9413 28157 27899 5957 15627 20092 32721 12553 11046 15150 22766 31574 12692 17708 31575 2605 32025 27579 6288 31504 24325 32124 15621 32719 31925 6627 7080 2975 6236 26346 15578 22124 22276 20231 5263 10864 10191 23387 17325 12293 12419 32300 2230 11191 25413 24981 9127 25246 8613 3708 12576 6379 4315 32709 16580 24256 848 30149 10979 8005 7009 7674 26967 9720 2911 25337 30635 3652 5850 30887 32387 20822 14623 30892 20023 26156 5375 8997 27842 10222 4562 6041 15067 30338 18876 6703 29793 17755 11567 14622 4092 3217 32689 26212 16898 20535 4576 22971 9879 12777 23731 20169 22297 16548 25090 29591 28347 31450 30281 6980 17007 14022 22441 2299 20490 25854 13871 26402 10402 24903 4441 16084 23099 17836 3798 914 7331 29650 11918 1845 17819 18566 32738 27175 18487 11672 15413 23507 17288 32236 27307 16218 25720 28622 28976 2184
1 2 7924
1 3 31110
2 4 14013
2 5 25862
4 8 593
4 9 25644
8 16 15062
8 17 1489
16 32 11496
16 33 190
32 64 18008
32 65 7402
64 128 8964
64 129 13168
128 256 6513
128 257 25424
256 512 3327
256 513 18755
257 514 15088
257 515 15147
129 258 8359
129 259 19417
258 516 19647
258 517 16970
259 518 14822
259 519 18312
65 130 2477
65 131 26831
130 260 26275
130 261 14253
260 520 20593
260 521 24617
261 522 27107
261 523 3395
131 262 24556
131 263 30275
262 524 31284
262 525 948
263 526 10415
263 527 12539
33 66 16203
33 67 14318
66 132 22461
66 133 15830
132 264 21228
132 265 13754
264 528 32402
264 529 2546
265 530 18698
265 531 28489
133 266 31844
133 267 5692
266 532 816
266 533 21264
267 534 3240
267 535 23522
67 134 21279
67 135 29655
134 268 7896
134 269 21772
268 536 12473
268 537 30476
269 538 23412
269 539 32199
135 270 1821
135 271 15708
270 540 31303
270 541 24897
271 542 23828
271 543 31109
17 34 19947
17 35 1852
34 68 23724
34 69 10597
68 136 10383
68 137 21949
136 272 32290
136 273 9559
272 544 32248
272 545 15108
273 546 23045
273 547 14784
137 274 26310
137 275 13249
274 548 26265
274 549 32485
275 550 26873
275 551 389
69 138 9338
69 139 25344
138 276 10675
138 277 9591
276 552 32385
276 553 6802
277 554 27711
277 555 29512
139 278 24811
139 279 27386
278 556 595
278 557 20585
279 558 19384
279 559 839
35 70 4498
35 71 29563
70 140 25682
70 141 22347
140 280 21077
140 281 14343
280 560 19055
280 561 12528
281 562 11179
281 563 23151
141 282 13368
141 283 27600
282 564 20639
282 565 12324
283 566 5547
283 567 3839
71 142 17081
71 143 12314
142 284 22334
142 285 14635
284 568 24007
284 569 24441
285 570 24517
285 571 4840
143 286 20700
143 287 30358
286 572 30101
286 573 15173
287 574 10394
287 575 21025
9 18 15082
9 19 25251
18 36 20141
18 37 1184
36 72 18822
36 73 1991
72 144 8856
72 145 7195
144 288 12699
144 289 2861
288 576 4020
288 577 28697
289 578 24555
289 579 3231
145 290 17525
145 291 3020
290 580 12078
290 581 18183
291 582 28400
291 583 2185
73 146 10420
73 147 24194
146 292 8858
146 293 27771
292 584 14411
292 585 21685
293 586 19283
293 587 24983
147 294 22371
147 295 5988
294 588 20899
294 589 22738
295 590 29552
295 591 23872
37 74 21571
37 75 28050
74 148 5008
74 149 17665
148 296 6879
148 297 7523
296 592 366
296 593 27317
297 594 9754
297 595 10220
149 298 31078
149 299 26456
298 596 211
298 597 11041
299 598 9706
299 599 28324
75 150 13990
75 151 20410
150 300 27172
150 301 32554
300 600 5046
300 601 6627
301 602 16348
301 603 22690
151 302 4522
151 303 12853
302 604 11421
302 605 11392
303 606 5622
303 607 15077
19 38 4627
19 39 15560
38 76 25948
38 77 1339
76 152 23992
76 153 23842
152 304 28850
152 305 15174
304 608 23472
304 609 2609
305 610 24293
305 611 20943
153 306 12528
153 307 2849
306 612 30782
306 613 22155
307 614 16550
307 615 20863
77 154 22244
77 155 28308
154 308 213
154 309 2894
308 616 163
308 617 6426
309 618 576
309 619 6999
155 310 19947
155 311 2646
310 620 12170
310 621 27584
311 622 16924
311 623 12992
39 78 1947
39 79 20192
78 156 14592
78 157 18050
156 312 22342
156 313 25170
312 624 3481
312 625 22828
313 626 13864
313 627 10312
157 314 7710
157 315 25001
314 628 19155
314 629 19234
315 630 20800
315 631 14962
79 158 6700
79 159 16192
158 316 177
158 317 29185
316 632 26129
316 633 14100
317 634 27879
317 635 32649
159 318 24383
159 319 7547
318 636 7710
318 637 12260
319 638 11891
319 639 2637
5 10 22172
5 11 24269
10 20 6352
10 21 25906
20 40 31288
20 41 20559
40 80 17281
40 81 10936
80 160 3869
80 161 15997
160 320 23199
160 321 1955
320 640 15308
320 641 28516
321 642 8021
321 643 16005
161 322 26208
161 323 26430
322 644 8514
322 645 2958
323 646 22806
323 647 2793
81 162 10014
81 163 31396
162 324 4108
162 325 18071
324 648 2721
324 649 25526
325 650 5193
325 651 3270
163 326 2976
163 327 334
326 652 2046
326 653 16755
327 654 24186
327 655 21862
41 82 18443
41 83 25994
82 164 31154
82 165 20605
164 328 18117
164 329 5794
328 656 26333
328 657 28394
329 658 1015
329 659 14055
165 330 6847
165 331 16495
330 660 17959
330 661 20823
331 662 6321
331 663 3601
83 166 31002
83 167 3634
166 332 25925
166 333 4647
332 664 21914
332 665 19371
333 666 3117
333 667 30386
167 334 13942
167 335 12004
334 668 15705
334 669 3564
335 670 16075
335 671 16665
21 42 17760
21 43 31012
42 84 13698
42 85 27932
84 168 25889
84 169 12744
168 336 14874
168 337 28929
336 672 19626
336 673 10436
337 674 13991
337 675 6170
169 338 15705
169 339 28682
338 676 13083
338 677 20774
339 678 5952
339 679 8818
85 170 28101
85 171 29893
170 340 21966
170 341 32197
340 680 23831
340 681 20527
341 682 16300
341 683 25364
171 342 32428
171 343 18470
342 684 19942
342 685 12623
343 686 6026
343 687 10281
43 86 3659
43 87 11795
86 172 18852
86 173 29163
172 344 1302
172 345 28866
344 688 8867
344 689 16643
345 690 20942
345 691 985
173 346 2021
173 347 5861
346 692 7018
346 693 12414
347 694 9158
347 695 8977
87 174 1977
87 175 10329
174 348 14367
174 349 23434
348 696 16897
348 697 421
349 698 31245
349 699 31114
175 350 21735
175 351 14727
350 700 23284
350 701 11892
351 702 23438
351 703 12446
11 22 25283
11 23 9482
22 44 19971
22 45 21979
44 88 32633
44 89 8928
88 176 27865
88 177 29587
176 352 28136
176 353 24080
352 704 4112
352 705 21202
353 706 8120
353 707 23344
177 354 23868
177 355 10483
354 708 17072
354 709 26497
355 710 10466
355 711 877
89 178 19761
89 179 873
178 356 1830
178 357 9712
356 712 13315
356 713 20772
357 714 20387
357 715 3761
179 358 11605
179 359 23478
358 716 6299
358 717 5378
359 718 9470
359 719 18980
45 90 27984
45 91 22053
90 180 17929
90 181 21219
180 360 17329
180 361 25698
360 720 15729
360 721 913
361 722 30009
361 723 27735
181 362 6697
181 363 12515
362 724 16149
362 725 17552
363 726 28255
363 727 8927
91 182 3461
91 183 6999
182 364 5634
182 365 20811
364 728 5764
364 729 14029
365 730 18050
365 731 17509
183 366 1963
183 367 31546
366 732 19415
366 733 28116
367 734 19283
367 735 11170
23 46 5828
23 47 3551
46 92 10490
46 93 6297
92 184 93
92 185 30941
184 368 17640
184 369 12631
368 736 26311
368 737 20716
369 738 17169
369 739 11023
185 370 1855
185 371 2022
370 740 4414
370 741 12925
371 742 14685
371 743 15761
93 186 7272
93 187 23487
186 372 28570
186 373 19990
372 744 30052
372 745 17509
373 746 8465
373 747 9397
187 374 10438
187 375 7115
374 748 130
374 749 9910
375 750 19967
375 751 1447
47 94 9372
47 95 19107
94 188 4552
94 189 2782
188 376 1404
188 377 12212
376 752 16324
376 753 3228
377 754 29553
377 755 18827
189 378 3936
189 379 28067
378 756 27394
378 757 29729
379 758 14335
379 759 26083
95 190 27186
95 191 1025
190 380 4180
190 381 13387
380 760 11010
380 761 9908
381 762 15630
381 763 8928
191 382 26424
191 383 10108
382 764 12987
382 765 4364
383 766 2399
383 767 27717
3 6 3814
3 7 30776
6 12 28431
6 13 16088
12 24 3203
12 25 7837
24 48 8302
24 49 13906
48 96 6030
48 97 27734
96 192 8439
96 193 21716
192 384 17390
192 385 5818
384 768 15738
384 769 11645
385 770 11167
385 771 5610
193 386 31588
193 387 9877
386 772 30736
386 773 6310
387 774 3393
387 775 11275
97 194 6858
97 195 27237
194 388 28799
194 389 26146
388 776 31059
388 777 32676
389 778 6261
389 779 18535
195 390 4178
195 391 7294
390 780 19108
390 781 3302
391 782 20979
391 783 18813
49 98 4156
49 99 28573
98 196 17293
98 197 2736
196 392 24802
196 393 15921
392 784 7811
392 785 3325
393 786 27312
393 787 4064
197 394 30824
197 395 15801
394 788 7037
394 789 14775
395 790 13926
395 791 118
99 198 20319
99 199 21253
198 396 20448
198 397 30492
396 792 18543
396 793 24079
397 794 9302
397 795 4156
199 398 21452
199 399 26885
398 796 26761
398 797 20384
399 798 16355
399 799 15157
25 50 28384
25 51 1319
50 100 2029
50 101 25215
100 200 20235
100 201 26064
200 400 22712
200 401 13577
400 800 12518
400 801 15124
401 802 21163
401 803 6964
201 402 16032
201 403 7289
402 804 11525
402 805 13774
403 806 540
403 807 26468
101 202 7781
101 203 13449
202 404 12695
202 405 26926
404 808 11919
404 809 28843
405 810 12172
405 811 28539
203 406 21869
203 407 8200
406 812 16852
406 813 12999
407 814 2900
407 815 13357
51 102 17426
51 103 20290
102 204 11913
102 205 14815
204 408 22862
204 409 16350
408 816 25092
408 817 19652
409 818 24800
409 819 4006
205 410 18803
205 411 29535
410 820 12944
410 821 13649
411 822 18050
411 823 30530
103 206 26107
103 207 19735
206 412 7002
206 413 3454
412 824 10553
412 825 9411
413 826 5735
413 827 25439
207 414 27324
207 415 19978
414 828 11103
414 829 25430
415 830 23163
415 831 11035
13 26 7552
13 27 17975
26 52 1616
26 53 10615
52 104 7961
52 105 17572
104 208 5535
104 209 7939
208 416 2635
208 417 31945
416 832 26681
416 833 32091
417 834 5905
417 835 24651
209 418 7296
209 419 20330
418 836 12926
418 837 15994
419 838 16587
419 839 13624
105 210 23366
105 211 16078
210 420 13324
210 421 20994
420 840 10112
420 841 24465
421 842 31152
421 843 24720
211 422 22442
211 423 19673
422 844 1222
422 845 25027
423 846 6894
423 847 9145
53 106 15972
53 107 6510
106 212 26787
106 213 30136
212 424 19270
212 425 19814
424 848 4887
424 849 8322
425 850 21689
425 851 31453
213 426 30604
213 427 19934
426 852 22711
426 853 30187
427 854 28544
427 855 12256
107 214 17748
107 215 10094
214 428 26418
214 429 19808
428 856 25433
428 857 23828
429 858 15713
429 859 29355
215 430 21550
215 431 24502
430 860 20567
430 861 6775
431 862 9981
431 863 17384
27 54 23590
27 55 25373
54 108 18708
54 109 10446
108 216 3634
108 217 25602
216 432 21899
216 433 22833
432 864 29167
432 865 30550
433 866 2087
433 867 721
217 434 6892
217 435 19458
434 868 22399
434 869 30717
435 870 12305
435 871 21467
109 218 31325
109 219 12130
218 436 15397
218 437 25116
436 872 23655
436 873 30241
437 874 26514
437 875 3603
219 438 17919
219 439 2084
438 876 32621
438 877 11802
439 878 15207
439 879 689
55 110 28081
55 111 32457
110 220 22313
110 221 25919
220 440 1739
220 441 19050
440 880 9142
440 881 5257
441 882 20572
441 883 9389
221 442 14413
221 443 5090
442 884 9530
442 885 3742
443 886 7454
443 887 26824
111 222 23224
111 223 5843
222 444 15024
222 445 23739
444 888 19239
444 889 18922
445 890 22656
445 891 4432
223 446 27036
223 447 1843
446 892 28395
446 893 6785
447 894 17140
447 895 3497
7 14 20557
7 15 4935
14 28 4118
14 29 21799
28 56 28011
28 57 24683
56 112 15736
56 113 2008
112 224 14606
112 225 5528
224 448 3045
224 449 12272
448 896 28401
448 897 12470
449 898 11901
449 899 28057
225 450 16861
225 451 8051
450 900 2557
450 901 18736
451 902 13587
451 903 17186
113 226 31040
113 227 30130
226 452 9450
226 453 26313
452 904 15110
452 905 6001
453 906 17081
453 907 23413
227 454 27893
227 455 25356
454 908 2039
454 909 11985
455 910 14301
455 911 10397
57 114 25761
57 115 12279
114 228 4416
114 229 7988
228 456 11484
228 457 13958
456 912 13842
456 913 1157
457 914 2524
457 915 24565
229 458 17085
229 459 25821
458 916 29188
458 917 14119
459 918 3176
459 919 8027
115 230 27727
115 231 31295
230 460 8057
230 461 31324
460 920 8942
460 921 29365
461 922 1880
461 923 23607
231 462 2355
231 463 5034
462 924 17270
462 925 31787
463 926 6317
463 927 21112
29 58 3471
29 59 8085
58 116 27029
58 117 28046
116 232 21804
116 233 14182
232 464 10856
232 465 5499
464 928 5227
464 929 29141
465 930 15062
465 931 11336
233 466 25090
233 467 5201
466 932 28123
466 933 3851
467 934 25730
467 935 12730
117 234 14124
117 235 7609
234 468 2777
234 469 4304
468 936 18388
468 937 30012
469 938 11803
469 939 22252
235 470 24095
235 471 4037
470 940 130
470 941 19182
471 942 19639
471 943 16228
59 118 28083
59 119 17526
118 236 32013
118 237 14038
236 472 20546
236 473 6999
472 944 28922
472 945 5278
473 946 8313
473 947 11080
237 474 1959
237 475 9303
474 948 85
474 949 16349
475 950 2474
475 951 19016
119 238 18642
119 239 31926
238 476 16497
238 477 19769
476 952 31848
476 953 5623
477 954 7396
477 955 29317
239 478 17110
239 479 27895
478 956 12614
478 957 8305
479 958 21022
479 959 25917
15 30 604
15 31 31420
30 60 26833
30 61 1448
60 120 29650
60 121 11639
120 240 15756
120 241 14829
240 480 21466
240 481 23063
480 960 1987
480 961 18503
481 962 18966
481 963 23241
241 482 1469
241 483 20329
482 964 11704
482 965 20485
483 966 9184
483 967 24760
121 242 1768
121 243 11366
242 484 10543
242 485 2743
484 968 16230
484 969 12985
485 970 3345
485 971 26562
243 486 18032
243 487 6740
486 972 23124
486 973 1280
487 974 11238
487 975 19881
61 122 17265
61 123 13715
122 244 30380
122 245 30490
244 488 19474
244 489 9745
488 976 14928
488 977 20495
489 978 11217
489 979 17464
245 490 12268
245 491 26182
490 980 20035
490 981 20189
491 982 22094
491 983 19307
123 246 5173
123 247 8742
246 492 23895
246 493 25321
492 984 14901
492 985 5113
493 986 24737
493 987 16895
247 494 2133
247 495 29876
494 988 13668
494 989 22038
495 990 12075
495 991 2079
31 62 20379
31 63 17746
62 124 30236
62 125 2719
124 248 610
124 249 15719
248 496 7899
248 497 5804
496 992 8099
496 993 9390
497 994 8748
497 995 32388
249 498 15089
249 499 24952
498 996 10734
498 997 28193
499 998 5044
499 999 11170
125 250 27736
125 251 26985
250 500 27271
250 501 7273
500 1000 19587
251 502 31398
251 503 17886
63 126 28800
63 127 25640
126 252 9525
126 253 27116
252 504 12384
252 505 23212
253 506 28802
253 507 1988
127 254 13024
127 255 11609
254 508 7988
254 509 26558
255 510 11781
255 511 19695
