1491
4790 5678
5447 5125
5526 4953
5964 5647
4899 5342
5013 6116
5553 4781
5496 6124
5903 5115
5364 5150
4767 4878
5782 5850
5252 5332
4719 5955
4731 5644
5560 5165
5325 6006
6048 5772
4873 5830
5640 5128
5636 5072
4946 6027
5474 5485
5948 5422
5785 5529
5310 5143
5762 4957
5263 5855
5215 5246
5519 5989
6066 5290
5605 4919
5540 5410
5158 6063
5491 5233
5673 5606
4790 5799
4913 5466
5376 5304
6037 5751
5709 5224
5067 5771
5637 5186
5183 5865
4794 5485
5418 5468
6011 6007
5793 5668
4758 5816
5433 4952
5504 5034
4855 5985
4808 4992
5766 6136
5657 5931
5204 5867
6103 4825
5351 5487
4853 4866
4853 5304
5496 5267
6015 5348
5902 5085
5899 5654
5367 5479
5648 4908
5273 5046
5454 5564
5463 5266
6128 5013
5506 4988
5569 5934
5362 5951
5438 6045
5316 5972
5621 5211
5785 5443
5182 5582
6077 5570
4867 4733
5856 5292
5795 5320
5167 5679
5244 6117
5712 6139
6048 6031
5554 4780
5981 4926
5582 4898
5026 5902
5860 5123
5565 5012
5327 4840
4933 6122
5598 5155
5112 5667
5763 5771
6070 5576
5138 6142
5473 5727
5133 6108
5358 5164
6015 4978
6110 5665
4747 5545
4813 5166
6122 6128
4801 5537
5840 4924
4989 5492
5403 4845
4776 5449
5825 5986
5660 4856
5148 6025
5341 5960
4716 5948
5742 4916
5252 5633
6012 5482
5125 5230
4912 5381
4741 5214
4904 4782
5786 5926
5920 4868
4790 5816
5041 4980
4743 4989
4750 5206
4742 5363
5290 5909
5280 5990
4794 4925
5938 5382
5772 5980
4721 5580
4790 4797
5248 5156
5980 5229
6049 4832
5421 5218
5291 5383
5684 5776
4921 5544
5384 5810
6127 5581
5942 5923
4966 5975
6048 4831
6027 5318
5864 5503
5607 5553
5983 4749
5660 5664
5075 5456
5904 5571
5058 5069
5798 5550
5651 5446
5660 4880
5936 5851
5786 5894
4859 5312
4763 5628
5650 6138
4917 5912
4926 5658
5168 5954
5933 5137
5011 5823
5000 5509
5034 5315
5809 5176
6002 5255
6139 5722
5872 5946
5570 5948
5304 5687
4726 5007
5485 5304
5692 5194
6105 5790
5496 4791
6073 5350
4944 5866
4999 4952
5445 5404
5966 5737
5781 5293
5606 6107
6084 5652
4880 4938
5302 5077
5057 6010
4956 5972
5275 5556
6031 4728
5498 5243
4765 5948
5513 4946
5967 4980
5471 5190
4905 5984
5106 6058
5514 5173
5754 6011
5878 5110
5275 5845
5138 5081
4789 5640
5569 5268
5544 5706
5876 5606
5971 5952
5688 5617
4742 5143
5421 5470
5062 5036
5136 5041
5003 5911
5178 5578
5529 5757
4872 6016
5543 5691
6086 5152
5689 6027
4745 6087
5032 5485
5288 5832
5677 5954
5659 5628
5424 5321
5454 4954
4858 6023
4834 5862
5528 5131
5728 5838
5238 5510
6102 5381
5429 6000
5485 5276
5872 5344
5359 5280
5386 4829
5327 4842
6076 4890
4966 5128
4747 5059
5554 4994
5314 5616
4736 5818
5953 5399
5675 5713
5203 5026
5246 4913
5664 5628
4756 5869
6118 5655
6009 4826
4722 5520
6041 4946
4914 5285
5935 5735
4969 5357
4775 5074
5887 4957
4962 5757
5742 5730
5171 5757
5325 5301
5541 5715
5584 5277
5958 5915
5142 5745
5683 5879
5286 5237
4817 5584
5684 5168
5759 5380
5740 5405
6102 5904
5403 4777
5015 5709
4980 5552
6010 5306
5302 5268
5737 5627
5514 6068
4979 5406
4963 5425
6048 5907
5215 5157
4774 5774
5937 6030
5961 5260
4823 5594
4918 5753
5567 5184
5647 6099
5804 5712
5250 5133
5057 6110
5184 5328
5601 5229
5298 4765
5321 5315
5076 5855
4913 5222
4937 5175
5675 6087
5157 4955
5333 5087
5204 5547
6016 4872
5128 5738
5022 5033
5315 6010
4885 5148
5487 5100
5975 5713
6089 5420
4747 6052
6069 6061
5980 5145
5541 5461
4911 5216
5285 5453
4839 5104
5623 5786
4964 5994
5631 4844
5585 5190
4898 5632
5520 5399
5194 6055
4729 5363
5296 5936
5653 6002
5552 5826
5332 5696
5023 4862
6106 4901
5377 5910
5833 5633
5052 5965
5152 4991
5844 5100
5112 5406
5192 5784
5845 6019
5896 5398
5885 4877
5376 5094
5736 5198
5811 5494
4804 4764
5042 5056
5996 5208
5710 4878
5906 5643
5226 5584
5390 4845
5487 5292
5139 5102
5307 6024
5971 5328
5125 5462
5482 5583
4905 5762
5993 5274
5433 5804
4991 4953
5239 5069
5202 4786
4942 5392
5064 5736
5220 5149
4931 5048
4883 5246
5319 5549
5203 5060
5592 5539
6107 4893
6127 6137
5899 4864
4932 5441
5046 5668
5458 5984
5465 5577
5573 5322
5777 6006
5008 5279
5539 5166
5472 5325
5390 5400
5559 5563
5626 5108
5847 5800
4927 5814
5676 5397
5916 5059
5798 5294
5086 5402
5171 5340
5350 5396
6101 5866
5854 5671
5549 5916
5247 5140
5215 5782
5884 5370
4889 5379
5089 6100
4800 4848
5657 5653
5110 5504
4733 5134
5470 5664
5162 5357
4722 5218
4946 4992
4932 6063
5855 5173
5903 5983
5478 5155
5665 4894
5698 5384
5678 6075
5183 5955
5624 5100
6016 5896
5172 6143
5633 6107
5136 5754
5700 6065
5324 4935
5733 4833
5167 5791
5631 5115
6117 6087
5712 4933
5042 5243
5131 5277
5327 5421
5844 4821
4754 5907
5550 5623
5792 5554
5942 4907
5356 5576
5289 5805
5726 5869
4882 4962
4757 5311
5275 4851
5789 5393
5636 5783
5237 5921
4939 5065
5154 5106
4776 5716
5168 5998
5261 5104
5872 5682
4842 5636
5692 4731
4987 5543
5512 5295
5725 5849
5967 6121
5056 5995
4774 5337
5147 5567
5709 5819
4830 5593
5450 5377
4771 4917
5121 5339
5324 5863
5149 5381
5597 4800
5072 5493
4804 4782
5465 4777
5634 6108
4906 5006
4838 5252
5343 5481
5569 5813
4859 5864
5548 5878
5475 5242
5382 5020
4741 4919
5511 5092
4770 5565
4936 5499
5092 4998
5571 5496
4974 5289
5488 5999
4864 5727
5305 5458
5080 5010
5352 5821
6039 5562
5355 4904
5327 5559
5517 5175
5965 5104
5770 5753
5498 6128
4892 5249
5708 4911
5276 5973
6061 4918
5944 5788
6059 5683
5307 5976
6064 5748
5016 5475
6023 5231
5623 5995
5080 4947
4716 5110
5430 4845
5068 5257
5204 5300
5051 5506
5236 6065
5165 5109
5633 5039
4788 5097
5210 4947
5729 5560
5256 5844
6080 5299
6108 4994
5034 5271
5855 6098
5170 5200
5093 5122
5419 6140
5676 5026
5207 5438
6094 6009
5868 5712
5517 6001
4740 5844
4994 5621
5834 6017
5760 4869
5180 5395
5527 5783
4733 5632
5670 5161
5188 5179
5056 5284
5135 5818
5812 6012
5362 6077
5978 4756
4744 4821
5293 5277
5435 4788
4803 5522
5277 6103
5351 6102
5256 6078
4741 5679
5249 4851
5239 5871
5944 4997
5221 5706
5853 5183
5345 5079
5298 5590
5674 5200
5708 5032
5954 5479
5067 5069
5260 6147
4744 4976
5718 5212
6013 5590
6084 5801
5491 5830
5255 4777
5948 4821
5712 4918
6089 5957
5632 5988
5004 5803
5340 5097
5102 5036
5236 6125
5120 4885
5348 5927
5738 5270
5447 4872
5500 5685
4881 5058
5977 5919
5595 6014
5356 5823
6019 5341
5818 4948
5783 4953
5107 4888
4927 5882
5180 5787
5588 5714
5852 5518
5495 5538
5275 6147
5606 5881
5851 5037
5925 5183
5816 5370
5323 5739
5534 4879
5432 5905
5622 6108
5743 4918
5585 4889
6046 5133
5781 5980
5343 5020
5866 5598
5284 5676
6065 5730
5808 5149
5744 4976
5566 5700
5944 5625
5558 5833
5190 4813
6116 5559
5891 5030
5433 5791
5618 4988
5158 4897
5061 4923
4893 5808
5837 5983
4734 5767
5539 6051
5064 5949
6080 5400
4894 5080
5671 5078
5961 5721
5318 5159
5304 5495
5760 5882
5395 5392
4807 6013
5905 5807
5714 5618
5247 4951
5791 5307
5887 5685
5391 5238
5875 5806
5741 4775
5010 5687
6134 5817
5808 5031
6046 5664
4753 5060
5823 4839
5572 5252
4762 5502
4769 5430
5305 5730
4953 5257
5384 5652
5487 6115
5907 5326
5195 5739
4823 5657
5739 5602
5627 5598
5788 5234
5274 6077
5589 6061
5843 5069
5883 5666
5499 5508
4985 6019
5084 5395
6048 5430
5058 5656
5597 5469
5109 5455
6124 5535
4850 5083
5120 4721
5488 4865
5988 5352
5408 5938
6081 5591
4756 5405
5862 5912
4955 5005
5280 5542
5685 5150
5023 5813
5890 4752
5998 5472
4918 4796
5638 4965
5113 5825
5651 6039
5647 6108
5682 6039
5983 4786
5939 6071
6036 4716
5021 5249
5576 5837
5398 6072
5477 6143
4941 5938
6086 5240
5691 4936
4779 5574
4991 4858
5691 5930
5756 5979
4989 5046
5556 5494
5092 5031
5465 5423
5738 5926
4927 5217
6141 5548
5308 5764
5939 4827
4752 5540
5276 5124
5911 4769
5596 4887
6061 5386
4858 5309
5301 5282
5081 5605
5911 4772
5555 4783
5397 5032
5678 4826
5325 5692
5212 5986
5779 6085
5430 5006
5678 4766
4735 5488
6042 4822
5795 5392
5394 4908
5976 6098
4738 5287
5011 4729
5804 5555
5666 6028
5840 4868
6050 4774
5512 5744
5429 6133
5943 5803
5628 6006
6048 4971
4724 5560
5692 5976
4834 5413
4884 6072
5659 5131
4961 5702
5113 4914
4914 5636
5792 5660
5262 5712
5361 5224
5831 4855
4763 5979
4943 5354
5521 5685
5241 5696
5287 4994
5272 6043
5856 5749
5979 4986
5244 4977
6016 5824
5105 5976
4758 5663
6079 5669
5009 5280
5657 5237
5812 5152
6058 5944
6018 5766
4917 4807
5694 5036
5024 5462
5201 5509
5868 4940
5651 4909
5851 6131
5303 5976
5308 5900
5612 5266
5233 5180
5796 4965
6074 5703
5177 5511
5838 6022
4820 5219
5080 5537
4729 5586
6042 5189
5909 5243
5348 5223
5150 5004
5936 5647
5758 6069
5430 5723
6146 6132
5249 5393
5692 5752
5349 5688
5703 6017
6142 5204
5402 5572
4799 5344
5811 6055
5925 6063
5333 5125
5592 4931
5558 5271
5386 5672
5380 5606
5201 5085
4795 5424
5679 5009
5217 5346
6118 5872
5483 5733
5132 6140
5875 5404
4900 5180
5639 5565
5333 6100
5142 5202
6060 5875
5856 5484
5942 5274
5262 5112
5963 4813
5128 5229
5209 6027
6122 5774
6098 5325
5457 5571
6054 4743
5795 5541
5015 5172
5835 4871
5134 5544
5946 5969
5595 5384
5283 4826
5040 5385
5863 6138
5790 5555
5599 5186
5240 5137
5650 5142
5261 5952
4746 5425
5045 5104
5307 5388
4952 6060
5773 4929
4969 5069
5498 5219
5509 5062
5494 4905
6056 5077
4999 5735
5219 5917
6075 5129
5090 5349
4929 6089
6041 5390
5529 5171
5554 6006
4991 5165
5336 5322
5020 5891
5695 5137
5860 5281
6066 5902
5105 5730
5194 5286
5590 5854
5391 5695
6035 5094
5932 5797
5097 5902
5315 5337
5084 5529
4927 5806
5227 6114
5386 4922
5409 5022
5722 5998
5813 4990
5697 5850
5150 5435
6032 5088
4831 5381
5827 5147
5365 5532
5062 5407
5655 4752
4715 4868
5184 5344
4802 5734
5333 4979
5716 4996
6099 5957
5102 5464
5362 5641
5512 5690
5272 5438
5188 4996
5233 6087
4789 5507
5364 5873
4860 5972
5470 5270
5620 5683
5138 5949
4953 5799
5278 4835
5960 5865
5218 5142
5101 5223
5533 5250
5362 5812
5304 5126
5226 5308
5017 5611
5081 5390
5294 5532
5691 4986
5283 5373
5564 5000
5090 5584
4780 5370
6048 5908
5714 5013
4814 5389
4752 5532
6139 5724
5126 5784
5058 5098
5404 5321
5066 5118
5380 4812
5470 5988
4831 5467
5201 5010
4907 4737
5162 4760
5905 5897
5343 4933
6033 5633
5477 5195
5524 4999
4929 5694
5073 5572
5395 4928
5834 5554
5846 5515
5612 5838
5751 4830
5714 4913
5128 5794
5686 4984
5305 4985
6072 5747
4748 5618
5283 6008
5762 5332
5220 5748
5395 5241
5281 4748
5932 6040
4970 5883
5971 5713
5083 4831
5615 5157
6031 5126
5984 5848
5811 5802
5232 4733
6097 5730
4850 5310
5148 5458
5637 6129
5935 5963
5094 6050
5214 4930
5901 5971
5778 5826
5928 4793
4926 5077
4729 5387
4903 5834
6046 5538
5658 5849
5706 6123
5574 5438
5391 5036
5415 4925
6118 5891
5248 6124
5247 5734
5948 5480
5519 5111
5698 5263
5356 4720
4865 5384
5030 4929
5747 5761
6039 5033
5200 5618
5818 5162
5093 6114
6124 4833
5104 4953
5545 5989
5672 4847
5870 5800
6142 4939
5043 5911
5029 5942
5339 5404
5228 4954
5990 5469
5657 5281
5052 5528
5445 5571
6136 5012
6097 5490
5162 6128
4844 5054
5747 5342
5198 4842
5338 5482
5851 5325
5715 5502
5712 5094
5323 5120
5726 5253
5843 6026
5383 5562
6055 4938
5925 5199
5344 4946
5505 4813
4717 5270
6084 5563
6090 5935
5109 4944
5911 5679
5158 5184
5952 4873
5382 5903
5771 5826
5670 5488
5089 5818
6099 5334
4862 4858
5409 5394
4823 5658
4749 5909
5364 5734
5783 5779
5124 5653
5247 6003
5130 4805
4749 5104
5367 5065
4963 5818
5935 4980
4760 5479
5853 5696
5095 5770
5471 5465
5281 6016
5716 5818
5251 5727
6037 5704
5375 5038
6111 5662
5234 5639
5060 5595
6127 5069
5842 4813
5159 5739
5867 5151
5590 5871
5573 5921
4966 5174
4718 6100
5516 5308
6127 5725
5990 4875
5043 5393
5316 5083
5546 6107
5542 6140
5701 6071
5880 5457
5149 5344
5875 4767
5633 5846
5408 4842
5539 5090
4854 5152
4761 5907
5262 4993
5359 5456
5938 5187
5209 6039
5812 5038
4848 5901
4988 6136
5844 4850
5926 6042
5983 5430
5151 5452
6098 4727
5361 5909
5650 5084
5907 5232
4897 5267
4909 5761
5409 6138
5281 5049
4861 4812
5871 5431
6053 5803
5039 5265
4865 5085
6136 5773
6135 4834
5747 5038
5485 5787
4763 5818
5994 5543
4815 5162
5227 5373
5026 6043
4957 5808
5055 5871
4772 6001
4895 4962
5444 5340
5143 4815
5665 4788
5550 6074
5024 6025
4898 4860
6112 4862
4748 4796
5208 5878
4789 4903
6074 5358
4987 5525
5594 5994
5861 5830
5513 5743
4748 5597
6082 5671
5534 5648
5563 6076
5674 5257
5340 5078
5567 5824
5368 5127
4831 5541
5625 4910
5162 5210
5696 5595
5561 5083
5805 5558
5642 5331
6014 5282
5247 4821
5703 5717
5862 4754
5189 5927
4744 4964
5882 4862
4978 5395
4948 5686
5344 5416
4895 5960
5261 5623
5443 5039
6112 5841
6130 4997
5844 4784
5005 5240
5805 5608
5100 6031
5556 5654
5180 6068
5901 4945
5271 5576
5289 5706
5128 6024
5788 5263
5951 5167
5837 6109
5820 5683
5170 5811
5289 5435
5831 6032
5098 4824
4794 5447
5687 5934
5689 5554
5115 5525
5936 4770
5771 5759
5360 5229
5549 5860
5479 5317
5820 5032
5629 5782
5114 5448
5382 5693
6069 5113
5603 5399
5040 5056
5916 5885
5411 5160
5893 4898
5222 4775
5539 4835
5169 4791
6117 5309
5649 5936
5339 5202
5593 5390
5592 5834
4856 4715
5268 5365
4919 5556
5153 5739
5173 5755
5732 5418
5063 5076
6008 4770
4888 5321
4784 5720
5961 5333
5187 5003
5091 5727
5099 4730
4756 5054
5669 5597
5365 5894
4808 5103
6080 5833
6118 5028
5271 5904
4852 5812
6055 6031
6082 5832
4938 5386
5997 4744
5314 5731
4919 5658
5986 5583
4879 4749
5641 5907
6013 5839
5109 5676
6019 4790
5379 5001
6040 5696
5483 4716
5774 5353
4898 5918
4937 5084
5784 5439
4937 5571
5101 5967
5433 5327
5298 5595
5616 5289
5465 5729
5336 5682
5434 6080
5789 6138
5000 6040
5109 5724
4745 5662
5435 6025
5677 5486
5690 5418
5405 5966
5995 5096
4948 5212
5983 4936
5160 5079
4980 5554
4717 6009
5426 4893
5835 5417
5330 5739
6099 5751
5585 4890
5668 5915
4889 5905
5072 4891
5932 5273
5023 5180
5133 5770
4887 5711
5242 5410
5209 5380
5543 5578
4722 4928
5410 5036
5387 6106
6033 5523
4931 5652
4991 5053
5773 5472
5790 4902
5755 5494
5901 4889
6085 5402
5295 5495
5571 5815
4744 6029
5093 5787
5604 6004
5560 6023
5846 5882
5038 4846
4798 4740
5111 5237
5791 5998
5400 5781
5091 5830
5647 4983
5251 5150
5316 5673
5941 5293
4975 5301
4797 6075
5690 5391
4857 5006
4853 5221
6062 6134
6111 6104
5292 5110
5139 5201
5923 5069
5752 5225
5870 5734
4722 5549
5855 4866
5188 4839
5700 4933
4778 4997
5274 4832
4807 5957
6104 6100
5357 5239
5383 4922
6063 5332
5625 6101
5142 5225
5398 5138
5968 5866
5708 5568
5648 5280
6137 4925
4887 4998
5884 6016
5629 4863
5681 6102
5995 5756
5152 6030
5716 5700
5203 5898
6022 4955
5577 4922
6079 5398
5012 5993
5987 5056
5233 5250
6131 5759
5517 5575
4830 5608
5537 5664
5716 4911
4872 6091
5005 5519
5007 5448
5412 5206
4833 5115
5692 5341
5107 5131
5014 5009
4976 4774
4967 5468
6101 5524
5350 5689
5488 5846
5229 5505
5958 5482
5281 6140
4994 5309
5986 5352
5979 5190
5123 5854
5657 5798
6008 5230
5205 5375
5368 5768
5284 5789
5308 5069
5267 5306
5331 5833
5674 4770
4870 5984
5175 5248
4759 6095
5533 5916
6142 5592
5753 5698
5567 5426
4747 5227
6051 5815
5238 4916
5016 5927
6134 5754
5547 5927
4805 4916
5853 5722
6121 5470
4779 5275
6121 5352
5631 4955
5968 5344
6133 5740
4842 5158
5796 4988
5336 5625
6134 6023
5180 4845
5108 5373
5067 5900
4807 5186
5744 5715
5665 4872
5862 5546
5989 5071
5808 4934
4842 4967
4769 5544
5624 6105
5436 5023
5907 6015
6134 5280
5144 5222
5391 6074
5189 6054
5139 6027
5305 5103
