9 3 23
9 3 22
10 3 28
16 10 107
20 8 102
20 10 105
20 10 155
3 4 3
4 2 11
9 7 66
6 2 3
11 6 36
17 6 76
13 6 39
12 10 60
18 9 115
9 2 17
12 1 9
16 3 37
2 1 1
13 10 79
1 1 1
9 9 44
19 7 109
19 1 9
9 5 22
14 6 52
19 1 14
7 4 13
14 6 58
16 8 117
18 4 12
11 8 27
17 2 27
14 4 14
18 3 32
9 5 35
6 2 7
19 8 121
7 6 24
13 8 50
17 2 11
2 2 3
18 5 25
4 3 7
7 6 25
5 2 3
7 7 28
19 3 25
5 4 1
19 10 78
10 10 55
5 5 15
19 10 104
4 4 137
4 4 10
16 10 69
11 8 41
20 2 9
9 8 41
20 1 13
10 9 51
7 5 18
3 2 4
5 1 3
16 5 37
7 3 7
19 9 103
16 1 10
8 1 6
8 6 27
13 5 17
8 8 36
5 2 8
9 5 30
11 7 49
3 2 5
15 3 8
15 8 90
20 5 25
16 6 28
12 10 70
6 3 9
6 5 15
8 6 28
11 9 56
14 5 52
12 5 23
19 8 94
3 3 6
20 2 16
3 1 2
19 4 59
16 7 45
8 9 88
12 2 13
8 5 24
7 1 7
5 3 11
14 7 57
0 0 0
